(15668575,Female,26,43000,1)
(15603246,Female,27,57000,2)
(15804002,Male,19,76000,1)
(15728773,Male,27,58000,2)
(15598044,Female,27,84000,3)
(15694829,Female,32,150000,4)
(15600575,Male,25,33000,3)
(15727311,Female,35,65000,5)
(15570769,Female,26,80000,6)
(15606274,Female,26,52000,7)
(15746139,Male,20,86000,4)
(15704583,Male,46,28000,5)
(15621083,Female,48,29000,8)
(15649487,Male,45,22000,6)
(15736760,Female,47,49000,9)
(15581198,Male,31,74000,7)
(15729054,Female,27,137000,10)
(15573452,Female,21,16000,11)
(15776733,Female,28,44000,12)
(15724858,Male,27,90000,8)
(15772798,Male,35,108000,9)
(15792008,Male,30,15000,10)
(15715541,Female,28,84000,13)
(15639277,Male,23,20000,11)
(15654901,Female,27,58000,14)
(15649136,Female,24,55000,15)
(15775562,Female,23,48000,16)
(15807481,Male,28,79000,12)
(15642885,Male,22,18000,13)
(15789109,Female,32,117000,17)
(15814004,Male,27,20000,14)
(15673619,Male,25,87000,15)
(15595135,Female,23,66000,18)
(15583681,Male,32,120000,16)
(15605000,Female,59,83000,19)
(15718071,Male,24,58000,17)
(15679760,Male,24,19000,18)
(15654574,Female,23,82000,20)
(15577178,Female,22,63000,21)
(15595324,Female,31,68000,22)
(15756932,Male,25,80000,19)
(15726358,Female,24,27000,23)
(15595228,Female,20,23000,24)
(15782530,Female,33,113000,25)
(15592877,Male,32,18000,20)
(15651983,Male,34,112000,21)
(15746737,Male,17,52000,22)
(15774179,Female,22,27000,26)
(15667265,Female,28,87000,27)
(15655123,Female,26,17000,28)
(15595917,Male,30,80000,23)
(15709476,Male,20,49000,24)
(15711218,Male,35,88000,25)
(15798659,Female,30,62000,29)
(15663939,Female,31,118000,30)
(15694946,Male,24,55000,26)
(15631912,Female,28,85000,31)
(15768816,Male,26,81000,27)
(15682268,Male,35,50000,28)
(15684801,Male,22,81000,29)
(15575694,Male,35,73000,30)
(15756820,Female,28,37000,32)
(15766289,Male,27,88000,31)
(15593014,Male,28,59000,32)
(15584545,Female,32,86000,33)
(15675949,Female,33,149000,34)
(15672091,Female,19,21000,35)
(15801658,Male,21,72000,33)
(15706185,Female,26,35000,36)
(15789863,Male,27,89000,34)
(15720943,Male,26,86000,35)
(15697997,Female,38,80000,37)
(15665416,Female,39,71000,38)
(15660200,Female,37,71000,39)
(15619653,Male,38,61000,36)
(15773447,Male,37,55000,37)
(15739160,Male,42,80000,38)
(15689237,Male,40,57000,39)
(15679297,Male,35,75000,40)
(15591433,Male,36,52000,41)
(15642725,Male,40,59000,42)
(15701962,Male,41,59000,43)
(15811613,Female,36,75000,40)
(15741049,Male,37,72000,44)
(15724423,Female,40,75000,41)
(15574305,Male,35,53000,45)
(15678168,Female,41,51000,42)
(15697020,Female,39,61000,43)
(15610801,Male,42,65000,46)
(15745232,Male,26,32000,47)
(15722758,Male,30,17000,48)
(15792102,Female,26,84000,44)
(15675185,Male,31,58000,49)
(15801247,Male,33,31000,50)
(15725660,Male,30,87000,51)
(15638963,Female,21,68000,45)
(15800061,Female,28,55000,46)
(15578006,Male,23,63000,52)
(15668504,Female,20,82000,47)
(15687491,Male,30,107000,53)
(15610403,Female,28,59000,48)
(15741094,Male,19,25000,54)
(15807909,Male,19,85000,55)
(15666141,Female,18,68000,49)
(15767871,Male,20,74000,56)
(15679651,Female,26,15000,50)
(15576219,Male,41,45000,57)
(15699247,Male,31,76000,58)
(15619087,Female,36,50000,51)
(15605327,Male,40,47000,59)
(15610140,Female,31,15000,52)
(15791174,Male,46,59000,60)
(15602373,Male,29,75000,61)
(15762605,Male,26,30000,62)
(15598840,Female,32,135000,53)
(15744279,Male,32,100000,63)
(15670619,Male,25,90000,64)
(15599533,Female,37,33000,54)
(15757837,Male,35,38000,65)
(15697574,Female,33,69000,55)
(15578738,Female,17,86000,56)
(15762228,Female,22,55000,57)
(15614827,Female,35,71000,58)
(15789815,Male,29,148000,66)
(15579781,Female,29,47000,59)
(15587013,Male,21,88000,67)
(15570932,Male,34,115000,68)
(15794661,Female,26,118000,60)
(15581654,Female,34,43000,61)
(15644296,Female,34,72000,62)
(15614420,Female,23,28000,63)
(15609653,Female,35,47000,64)
(15594577,Male,25,22000,69)
(15584114,Male,24,23000,70)
(15673367,Female,31,34000,65)
(15685576,Male,26,16000,71)
(15774727,Female,31,71000,66)
(15694288,Female,32,117000,67)
(15603319,Male,33,43000,72)
(15759066,Female,33,60000,68)
(15814816,Male,31,66000,73)
(15724402,Female,20,82000,69)
(15571059,Female,33,41000,70)
(15674206,Male,35,72000,74)
(15715160,Male,28,32000,75)
(15730448,Male,24,84000,76)
(15662067,Female,19,26000,71)
(15779581,Male,29,43000,77)
(15662901,Male,19,70000,78)
(15689751,Male,28,89000,79)
(15667742,Male,34,43000,80)
(15738448,Female,30,79000,72)
(15680243,Female,20,36000,73)
(15745083,Male,26,80000,81)
(15708228,Male,35,22000,82)
(15628523,Male,35,39000,83)
(15708196,Male,49,74000,84)
(15735549,Female,39,134000,74)
(15809347,Female,41,71000,75)
(15660866,Female,58,101000,76)
(15766609,Female,47,47000,77)
(15654230,Female,55,130000,78)
(15794566,Female,52,114000,79)
(15800890,Female,40,142000,80)
(15697424,Female,46,22000,81)
(15724536,Female,48,96000,82)
(15735878,Male,52,150000,85)
(15707596,Female,59,42000,83)
(15657163,Male,35,58000,86)
(15622478,Male,47,43000,87)
(15779529,Female,60,108000,84)
(15636023,Male,49,65000,88)
(15582066,Male,40,78000,89)
(15666675,Female,46,96000,85)
(15732987,Male,59,143000,90)
(15789432,Female,41,80000,86)
(15663161,Male,35,91000,91)
(15694879,Male,37,144000,92)
(15593715,Male,60,102000,93)
(15617877,Female,46,82000,87)
(15772073,Female,53,143000,88)
(15701537,Male,42,149000,94)
(15736228,Male,38,59000,95)
(15780572,Female,50,88000,89)
(15769596,Female,56,104000,90)
(15586996,Female,41,72000,91)
(15722061,Female,51,146000,92)
(15638003,Female,35,50000,93)
(15775590,Female,57,122000,94)
(15730688,Male,41,52000,96)
(15753102,Female,35,97000,95)
(15810075,Female,44,39000,96)
(15723373,Male,37,52000,97)
(15795298,Female,48,134000,97)
(15584320,Female,37,146000,98)
(15724161,Female,50,44000,99)
(15750056,Female,52,90000,100)
(15609637,Female,41,72000,101)
(15794493,Male,40,57000,98)
(15569641,Female,58,95000,102)
(15815236,Female,45,131000,103)
(15811177,Female,35,77000,104)
(15680587,Male,36,144000,99)
(15672821,Female,55,125000,105)
(15767681,Female,35,72000,106)
(15600379,Male,48,90000,100)
(15801336,Female,42,108000,107)
(15721592,Male,40,75000,101)
(15581282,Male,37,74000,102)
(15746203,Female,47,144000,108)
(15583137,Male,40,61000,103)
(15680752,Female,43,133000,109)
(15688172,Female,59,76000,110)
(15791373,Male,60,42000,104)
(15685536,Male,35,61000,105)
(15750447,Male,37,70000,106)
(15663249,Female,52,21000,111)
(15638646,Male,48,141000,107)
(15734161,Female,37,93000,112)
(15631070,Female,37,62000,113)
(15761950,Female,48,138000,114)
(15649668,Male,41,79000,108)
(15713912,Female,37,78000,115)
(15586757,Male,39,134000,109)
(15596522,Male,49,89000,110)
(15625395,Male,55,39000,111)
(15760570,Male,37,77000,112)
(15566689,Female,35,57000,116)
(15725794,Female,36,63000,117)
(15673539,Male,42,73000,113)
(15705298,Female,43,112000,118)
(15675791,Male,45,79000,114)
(15747043,Male,46,117000,115)
(15736397,Female,58,38000,119)
(15678201,Male,48,74000,116)
(15720745,Female,37,137000,120)
(15637593,Male,37,79000,117)
(15598070,Female,40,60000,121)
(15787550,Male,42,54000,118)
(15603942,Female,51,134000,122)
(15733973,Female,47,113000,123)
(15596761,Male,36,125000,119)
(15652400,Female,38,50000,124)
(15717893,Female,42,70000,125)
(15622585,Male,39,96000,120)
(15733964,Female,38,50000,126)
(15753861,Female,49,141000,127)
(15747097,Female,39,79000,128)
(15594762,Female,39,75000,129)
(15667417,Female,54,104000,130)
(15684861,Male,35,55000,121)
(15742204,Male,45,32000,122)
(15623502,Male,36,60000,123)
(15774872,Female,52,138000,131)
(15611191,Female,53,82000,132)
(15674331,Male,41,52000,124)
(15619465,Female,48,30000,133)
(15575247,Female,48,131000,134)
(15695679,Female,41,60000,135)
(15713463,Male,41,72000,125)
(15785170,Female,42,75000,136)
(15796351,Male,36,118000,126)
(15601550,Female,36,54000,137)
(15664907,Male,58,144000,127)
(15612465,Male,35,79000,128)
(15810800,Female,38,55000,138)
(15665760,Male,39,122000,129)
(15588080,Female,53,104000,139)
(15776844,Male,35,75000,130)
(15717560,Female,38,65000,140)
(15629739,Female,47,51000,141)
(15729908,Male,47,105000,131)
(15750335,Female,37,57000,142)
(15699619,Male,36,99000,132)
(15606472,Male,60,34000,133)
(15778368,Male,54,70000,134)
(15671387,Female,41,72000,143)
(15573926,Male,40,71000,135)
(15709183,Male,42,54000,136)
(15577514,Male,43,129000,137)
(15778830,Female,53,34000,144)
(15768072,Female,47,50000,145)
(15768293,Female,42,79000,146)
(15654456,Male,42,104000,138)
(15807525,Female,59,29000,147)
(15574372,Female,58,47000,148)
(15646091,Female,46,32000,149)
(15596984,Female,46,74000,150)
(15800215,Female,42,53000,151)
(15577806,Male,41,87000,139)
(15749381,Female,58,23000,152)
(15683758,Male,42,64000,140)
(15670615,Male,48,33000,141)
(15715622,Female,44,139000,153)
(15707634,Male,49,28000,142)
(15806901,Female,57,33000,154)
(15775335,Male,56,60000,143)
(15724150,Female,49,39000,155)
(15627220,Male,39,71000,144)
(15672330,Male,47,34000,145)
