15624510,Male,17,19000
15810944,Male,35,20000
15704987,Male,32,18000
15628972,Male,17,82000
15697686,Male,29,80000
15733883,Male,47,25000
15617482,Male,45,26000
15714658,Male,48,41000
15599081,Female,45,22000
15705113,Male,46,23000
15631159,Male,47,20000
15792818,Male,49,28000
15633531,Female,47,30000
15744529,Male,29,43000
15669656,Male,31,18000
15713144,Male,35,27000
15690188,Female,33,28000
15689425,Male,30,49000
15671766,Female,26,72000
15782806,Female,27,31000
15764419,Female,27,17000
15591915,Female,33,51000
15798850,Male,25,79000
15776348,Female,27,54000
15727696,Male,30,135000
15793813,Female,31,89000
15694395,Female,24,32000
15764195,Female,18,44000
15744919,Female,29,83000
15671655,Female,35,23000
15668385,Male,39,42000
15636428,Female,30,116000
15809823,Male,26,15000
15699284,Female,29,28000
15786993,Female,29,83000
15709441,Female,35,44000
15710257,Female,35,25000
15582492,Male,28,123000
15617134,Male,35,59000
15783029,Male,30,89000
15622833,Female,34,25000
15746422,Female,24,89000
15750839,Female,27,96000
15749130,Female,41,30000
15779862,Male,29,61000
15575002,Female,35,60000
15622171,Male,37,53000
15795224,Female,36,126000
15685346,Male,56,133000
15691808,Female,40,72000
15721007,Female,42,80000
15794253,Female,35,147000
15694453,Male,39,42000
15813113,Male,40,107000
15614187,Male,49,86000
15619407,Female,38,112000
15646227,Male,46,79000
15660541,Male,40,57000
15753874,Female,37,80000
15589449,Male,39,106000
15692819,Female,57,26000
15727467,Male,57,74000
15734312,Male,38,71000
15764604,Male,49,88000
15613014,Female,52,38000
15759684,Female,50,36000
15609669,Female,59,88000
15639576,Female,47,107000
15693264,Male,38,51000
15589715,Female,48,119000
15769902,Male,42,65000
15587177,Male,40,65000
15814553,Male,57,60000
15716781,Female,41,63000
15646936,Male,53,72000
15768151,Female,54,108000
15579212,Male,39,77000
15721835,Male,38,61000
15800515,Female,38,113000
15591279,Male,37,75000
15587419,Female,42,90000
15671249,Male,46,88000
15779744,Male,38,71000
15624755,Female,54,26000
15611430,Female,60,46000
15774744,Male,60,83000
15629885,Female,39,73000
15708791,Male,59,130000
15793890,Female,37,80000
15668521,Female,48,35000
15807837,Male,48,33000
15592570,Male,47,23000
15748589,Female,45,45000
15635893,Male,60,42000
15757632,Female,39,59000
15691863,Female,46,41000
15706071,Male,51,23000
15654296,Female,50,20000
15755018,Male,36,33000
15594041,Female,49,36000