(1566976817460,567)
(1566976818988,566)
(1566976820419,431)
(1566976821952,498)
(1566976823394,642)
(1566976826376,1241)
(1566976827919,539)
(1566976830795,934)
(1566976832332,396)
(1566976833787,555)
(1566976835221,451)
(1566976836766,526)
(1566976838211,579)
(1566976841194,985)
(1566976842619,343)
(1566976844155,488)
(1566976845586,534)
(1566976847132,499)
(1566976848576,418)
(1566976850015,639)
(1566976851551,466)
(1566976852993,517)
(1566976854544,440)
(1566976855989,644)
(1566976857426,481)
(1566976858964,601)
(1566976860409,465)
(1566976861952,426)
(1566976863384,404)
(1566976864832,652)
(1566976866375,749)
(1566976867816,458)
(1566976869258,516)
(1566976870804,593)
(1566976872232,603)
(1566976873761,551)
(1566976875192,271)
(1566976876726,513)
(1566976878151,561)
(1566976879604,423)
(1566976881141,407)
(1566976882571,463)
(1566976884105,435)
(1566976885545,495)
