(1566976417994,2176)
(1566976420043,4159)
(1566976421979,3730)
(1566976424032,3474)
(1566976426082,3450)
(1566976428049,3593)
(1566976430006,3769)
(1566976431965,3790)
(1566976434015,4180)
(1566976436071,4138)
(1566976438033,3578)
(1566976440084,3514)
(1566976442035,3759)
(1566976443999,3864)
(1566976446040,3885)
(1566976448071,3731)
(1566976450024,3559)
(1566976452074,3696)
(1566976454024,3718)
(1566976455979,3672)
(1566976458039,3684)
(1566976460093,3843)
(1566976462044,3831)
(1566976463999,3633)
(1566976466056,3533)
(1566976468015,3547)
(1566976470068,3965)
(1566976472020,4067)
(1566976473968,3897)
(1566976476024,3686)
(1566976478085,3456)
(1566976480037,3773)
(1566976481985,4139)
(1566976483525,3434)
(1566976483525,1305)
